3 0.516406 0.306510 0.047396 0.080729
1 0.451302 0.366406 0.075521 0.076563
4 0.496875 0.415365 0.083333 0.061979
3 0.439063 0.301302 0.051042 0.071354
0 0.435417 0.712240 0.048958 0.085938
7 0.569792 0.765365 0.026042 0.040104
6 0.588542 0.791146 0.038542 0.065625
0 0.640625 0.817708 0.026042 0.036458
3 0.557292 0.834896 0.023958 0.048958
3 0.587760 0.853906 0.023438 0.036979
3 0.577344 0.846615 0.023438 0.040104
3 0.546615 0.860156 0.026562 0.047396
7 0.565885 0.763802 0.024479 0.040104
7 0.596615 0.760938 0.026562 0.025000
