2 0.259375 0.351042 0.069792 0.050000
0 0.185938 0.382292 0.055208 0.029167
2 0.179167 0.401562 0.059375 0.029167
7 0.564063 0.569792 0.029167 0.034375
7 0.588021 0.596615 0.038542 0.035937
1 0.541667 0.610938 0.063542 0.060417
2 0.665625 0.627604 0.077083 0.078125
6 0.587240 0.798958 0.041146 0.070833
0 0.643490 0.799219 0.035937 0.033854
3 0.564063 0.826823 0.031250 0.059896
1 0.539844 0.835417 0.031771 0.057292
2 0.309896 0.753906 0.041667 0.054688
3 0.326042 0.784115 0.038542 0.060937
3 0.590104 0.834115 0.030208 0.040104
